424095435.202742, 16
424095721.377053, 80
424095903.959624, 65
424096007.318218, 82
424096099.51072, 84
424096179.656269, 73
424096300.292174, 67
424096358.963005, 80
424096579.065627, 8
424096701.768027, 8
424096847.610159, 8
424097449.110598, 73
424097559.328569, 67
424097651.514943, 73
424097734.118817, 80
424097801.149926, 65
424097893.866539, 78
424097975.454825, 84
424098063.705172, 32
424098170.999065, 50
424098239.497114, 48
424098460.477056, 222
424098528.29625, 83
424098608.770767, 32
424098694.068518, 65
424098762.005388, 78
424098862.668722, 83
424099093.510645, 87
424099433.330512, 87
424099475.594507, 69
424099538.448773, 82
424099643.666896, 83
424099727.587623, 190
424099887.207167, 190
424100015.64112, 190
424100172.083122, 32
424100263.730474, 76
424100364.709505, 69
424100425.363702, 84
424100566.487294, 32
424100935.253569, 8
424100997.125896, 83
424101059.412592, 32
424101147.980707, 83
424101253.511453, 69
424101404.148788, 69
424101504.607468, 32
424101595.862064, 72
424101643.94121, 79
424101686.162298, 87
424101748.120765, 32
424101828.711435, 87
424101887.199399, 69
424101952.004861, 76
424102079.45312, 76
424102119.44567, 32
424102203.106439, 84
424102278.688642, 72
424102290.023637, 73
424102365.615224, 83
424102451.117271, 32
424102545.742961, 87
424102585.432401, 79
424102691.732997, 82
424102762.265572, 75
424103146.878019, 83
424103318.41692, 188
424103391.730259, 32
424103507.264664, 72
424103654.616536, 85
424103795.681066, 72
424103863.721681, 16
424103940.897158, 191
424105642.362043, 13
424105757.070718, 13
424106493.279538, 16
424106626.681865, 72
424106776.062533, 79
424106821.238508, 80
424106915.888499, 69
424106963.430137, 70
424107006.163928, 85
424107221.086742, 76
424107375.661836, 76
424107439.823396, 89
424107498.340914, 32
424107586.996217, 84
424107637.053226, 72
424107685.389072, 73
424107752.715888, 83
424107796.336245, 32
424107963.257196, 87
424108006.828038, 79
424108091.410116, 82
424108168.165817, 75
424108252.055957, 83
424108301.029986, 32
424108401.345425, 87
424108452.308457, 69
424108519.733876, 76
424108635.408179, 76
424108819.853627, 190
424108926.835533, 32
424109053.165814, 16
424109157.27213, 73
424109291.330416, 84
424109364.318778, 32
424109440.801983, 72
424109497.263059, 65
424109541.844476, 83
424109614.773024, 32
424109725.493711, 65
424109812.657013, 76
424109919.837493, 77
424110005.757991, 79
424110156.99206, 83
424110206.830126, 84
424110273.365405, 32
424110380.071615, 66
424110548.024133, 69
424110687.146388, 69
424110762.542973, 78
424110811.0442, 32
424110872.251408, 51
424110925.363679, 48
424111014.379104, 32
424111222.915715, 83
424111275.304566, 69
424111494.927544, 67
424111550.237055, 79
424111600.59867, 78
424111668.219787, 68
424111726.806546, 83
424111822.190819, 190
424111974.251258, 190
424112102.899986, 190
424112213.030033, 32
424112250.684492, 87
424112320.372541, 65
424112372.677541, 73
424112434.438902, 84
424112523.745737, 73
424112604.227877, 78
424112723.556852, 71
424112743.26217, 32
424113098.277042, 70
424113202.657928, 79
424113289.459973, 82
424113341.401998, 32
424113408.785487, 65
424113468.278808, 78
424113530.077962, 79
424113584.836559, 84
424113645.297638, 72
424113751.71657, 69
424113802.021157, 32
424113821.860313, 82
424113870.38556, 80
424113987.846593, 82
424114061.612253, 79
424114108.964669, 77
424114215.202547, 80
424114418.712355, 8
424114548.620222, 8
424114681.10876, 8
424114818.195358, 8
424114952.813728, 8
424115098.119498, 8
424115232.466335, 8
424115402.272334, 82
424115496.301403, 32
424115593.90954, 80
424115662.306719, 82
424115728.102379, 79
424115820.461331, 77
424115896.000996, 80
424115984.155248, 84
424116125.891323, 13
424116260.503019, 13
424116411.37329, 16
424116512.666541, 73
424116654.236577, 32
424116661.545917, 87
424116705.799992, 79
424116731.899164, 78
424116792.369721, 68
424116958.352999, 69
424117015.188939, 82
424117070.055132, 32
424117146.511882, 87
424117291.666878, 72
424117434.067967, 89
424117481.047305, 32
424117545.602331, 84
424117626.776205, 72
424117641.253258, 73
424117717.295961, 83
424117764.165166, 32
424117860.477836, 73
424117971.286926, 83
424118101.973697, 32
424118177.338058, 84
424118227.688427, 65
424118328.547546, 75
424118432.76226, 73
424118473.979638, 78
424118524.783763, 71
424118578.437923, 32
424118664.477997, 83
424118778.720162, 79
424118837.080485, 32
424119035.965142, 76
424119174.283568, 79
424119220.907296, 78
424119272.306183, 71
424119375.452388, 16
424119423.859387, 191
424119520.555222, 32
424119798.803192, 16
424119901.557398, 65
424120022.90307, 32
424120082.686901, 76
424120167.591785, 73
424120440.30374, 84
424120626.499119, 84
424120713.597417, 76
424120814.405169, 69
424120872.640073, 32
424120962.982644, 66
424121042.384618, 85
424121430.610138, 73
424121497.120347, 84
424121569.494079, 32
424121744.997186, 8
424121887.014623, 8
424122016.685597, 8
424122165.364158, 8
424122257.165112, 8
424122735.264215, 66
424122807.357824, 73
424122915.69614, 84
424122985.081679, 32
424123075.919601, 70
424123230.50887, 82
424123306.199971, 85
424123382.738395, 83
424123439.296063, 84
424123579.008633, 82
424123624.861438, 65
424123730.550326, 84
424123799.319989, 73
424123852.411308, 78
424123981.240123, 71
424124089.016462, 188
424124152.834144, 32
424124208.39503, 66
424124275.103859, 85
424124389.690012, 84
424124396.33578, 32
424124492.626632, 73
424124599.712554, 16
424124772.861217, 8
424124874.315421, 16
424124927.075838, 73
424125080.245232, 222
424125142.183151, 77
424125252.852896, 32
424125524.638462, 83
424125616.33857, 85
424125760.173411, 82
424125832.15247, 69
424126044.75179, 32
424126243.73696, 84
424126327.387383, 72
424126382.662639, 73
424126427.606022, 83
424126485.981097, 32
424126550.641384, 80
424126602.610832, 82
424126691.611176, 79
424126765.728598, 71
424126905.908316, 82
424126925.678736, 65
424127005.364755, 77
424127076.539371, 32
424127193.120792, 72
424127207.072872, 65
424127248.796358, 83
424127326.500465, 32
424127372.002444, 65
424127472.665123, 32
424127580.776483, 82
424127656.085271, 69
424127705.954903, 65
424127762.429588, 83
424127811.79657, 79
424127862.261092, 78
424128494.966969, 13
424128629.107866, 13
424128967.500891, 16
424129147.11828, 87
424129309.040053, 65
424129441.257645, 73
424129503.238828, 84
424129568.326627, 73
424129624.279604, 78
424129684.522077, 71
424129763.745689, 32
424129858.185707, 84
424129962.634893, 79
424130016.265075, 32
424130084.54972, 83
424130162.040485, 69
424130320.637671, 69
424130388.636758, 32
424130517.958944, 84
424130601.403818, 72
424130650.468975, 73
424130706.087855, 83
424130792.354871, 32
424130895.181595, 82
424130905.612519, 69
424131122.798923, 68
424131281.022539, 32
424131641.000896, 67
424131797.309726, 82
424131849.206244, 79
424131969.44646, 83
424132059.363207, 83
424132170.611919, 72
424132300.95661, 65
424132429.479726, 73
424132501.146896, 82
424132596.983423, 32
424132713.614679, 83
424132778.1639, 79
424132925.210264, 79
424132990.825557, 78
424133237.007785, 190
424133372.1786, 190
424133502.478633, 190
424133637.293331, 190
424134124.395011, 16
424134203.483235, 87
424134362.791066, 72
424134418.469986, 69
424134500.937048, 82
424134627.182501, 69
424134722.59342, 32
424134834.523588, 65
424134881.814686, 82
424134936.506345, 69
424134987.242992, 32
424135044.659636, 89
424135096.839992, 79
424135173.994745, 85
424135226.590473, 16
424135322.627026, 191
424135665.878707, 191
424295582.818045, 16
424295681.853142, 72
424295840.924786, 79
424295902.863426, 87
424295986.102347, 32
424296037.746853, 73
424296082.476943, 83
424296221.519444, 32
424296295.102552, 84
424296378.792831, 72
424296433.979885, 73
424296501.472376, 83
424296575.684675, 32
424296659.671164, 71
424296707.722116, 79
424296744.533326, 73
424296801.469796, 78
424296850.338172, 71
424296892.844751, 32
424296996.887445, 84
424297053.657301, 79
424297095.36922, 32
424297164.057777, 87
424297215.589514, 79
424297281.76285, 82
424297335.434399, 75
424297478.784115, 190
424297612.689214, 190
424297738.578909, 190
