new stimulus
120528226.97511, 16
120528227.786582, 91
new stimulus
121484742.855255, 65
121484833.069348, 78
121484960.785667, 83
121485175.782236, 87
121485256.129953, 69
121485346.730963, 82
121487631.102374, 91
121487653.954296, 16
121499530.974177, 16
121499848.206001, 48
121500292.472685, 37
121500451.806355, 37
121500627.593807, 37
121500819.570631, 37
121501005.23128, 37
121501140.76243, 37
121501292.368001, 37
121502399.207454, 16
121502556.824306, 57
121503715.720554, 39
121504119.497865, 8
121506658.749193, 91
121506699.847093, 16
121510736.907116, 91
121510768.680604, 16
new stimulus
new stimulus
121532554.773563, 16
121532757.48129, 57
121533110.168131, 65
121533186.045143, 78
121533302.050786, 83
121533534.69321, 87
121533606.787094, 69
121533693.640295, 82
121538273.78543, 91
121538302.535347, 16
new stimulus
new stimulus
159497157.740233, 91
159497164.960934, 16
new stimulus
159765914.390673, 91
159765921.728655, 16
159772874.899843, 16
159772939.010053, 57
159773184.006092, 65
159773217.082187, 78
159773323.969246, 83
159773526.919327, 87
159773591.309618, 69
159773651.637545, 82
159775351.33626, 16
159775361.020332, 91
