new stimulus
120698054.145795, 91
120698074.145213, 16
new stimulus
122519343.664633, 73
122519423.788339, 78
122519633.752763, 84
122520329.782856, 32
122520708.914204, 69
122520964.859048, 88
122521141.672238, 65
122521261.407434, 77
122521347.753282, 80
122521576.053205, 76
122521660.525405, 69
122521820.676746, 32
122522224.824418, 187
122522340.942247, 32
122523075.584926, 49
122523415.699253, 48
122523614.330076, 48
122523888.42373, 186
122524278.999239, 13
122526386.881462, 9
122527690.452999, 83
122527767.253708, 84
122527977.217571, 82
122528073.503167, 73
122528148.817894, 78
122528229.040177, 71
122530298.566626, 32
122531824.938735, 78
122531927.998989, 65
122532022.794467, 77
122532123.143409, 69
122532220.683015, 32
122532373.822192, 187
122532508.824973, 32
122532974.107123, 16
122532996.721427, 222
122534310.526729, 16
122534971.895775, 82
122535489.799935, 89
122535569.78392, 65
122535744.771251, 78
122536317.101843, 39
122536731.256894, 13
122537872.144511, 8
122538594.003071, 8
122540032.728916, 82
122540089.078011, 69
122540201.935562, 84
122540329.399778, 85
122540461.396838, 82
122540588.877612, 78
122543301.961742, 186
122544283.190128, 186
122546258.098939, 91
122546286.925891, 16
new stimulus
new stimulus
122566496.615702, 73
122566579.659349, 78
122566682.95567, 84
122566809.301209, 32
122566929.479482, 69
122567221.845082, 65
122567337.530882, 77
122567429.252009, 80
122568061.796284, 8
122568259.331209, 8
122568406.21102, 8
122568657.960062, 88
122568798.380291, 65
122568914.115516, 77
122568961.842619, 80
122569248.947759, 76
122569358.30042, 69
122569525.144984, 32
122569664.972414, 187
122569789.037906, 32
122570004.980814, 49
122570078.201919, 48
122570233.190428, 48
122570389.365275, 186
122570606.198706, 13
122570876.979972, 83
122571371.137168, 8
122571606.760912, 9
122571962.177343, 83
122572077.974132, 84
122572203.885943, 82
122572279.891283, 73
122572331.028726, 78
122572435.882442, 71
122572535.752007, 32
122572820.119326, 78
122573117.782007, 65
122573207.045833, 77
122573310.057363, 69
122573374.080061, 32
122573522.085998, 187
122573702.799138, 32
122573824.963477, 16
122573929.909504, 222
122574118.121677, 16
122574170.073274, 82
122574463.922713, 89
122574642.842211, 65
122574754.776239, 78
122575059.715654, 39
122575373.236598, 186
122575608.661221, 13
122577724.495217, 13
122577820.250465, 9
122578522.563535, 82
122578610.823806, 69
122578702.806888, 84
122578779.085282, 85
122578893.373355, 82
122578997.145672, 78
122579245.804026, 186
122581991.686456, 8
122582453.349372, 8
122582785.175639, 8
122583151.604998, 16
122583187.04773, 91
122583855.062662, 20
new stimulus
