new stimulus
120599663.198675, 16
120599663.921073, 91
new stimulus
122944583.522323, 88
122946100.918602, 8
122946371.110997, 32
122947172.47957, 88
122947514.736252, 32
122947735.858481, 16
122947853.03379, 190
122949729.303058, 8
122949999.052873, 8
122950214.656655, 8
122951374.845127, 84
122951676.365913, 82
122951943.026978, 85
122952113.889386, 69
122958179.113679, 8
122958351.991326, 8
122958530.276797, 8
122958692.837184, 8
122958864.03749, 8
122959221.747373, 32
122959361.385393, 69
122959515.246956, 88
122959642.268254, 65
122959715.472087, 77
122959780.283237, 80
122959976.382407, 76
122960065.863094, 69
122960119.51261, 16
122960770.464299, 32
122960933.15039, 67
122961012.841074, 79
122961068.02246, 78
122961148.177456, 68
122961264.243369, 73
122961402.483021, 84
122961479.470909, 73
122961503.777841, 79
122961579.956958, 78
122962257.458259, 8
122962761.453447, 8
122962849.241086, 8
122962939.973629, 8
122963022.666115, 8
122963111.567948, 8
122963196.02766, 8
122963287.263213, 8
122963368.255833, 8
122963455.649151, 8
122963542.451811, 8
122963631.428706, 8
122963716.848544, 8
122963900.33011, 8
122964035.876361, 8
new stimulus
new stimulus
123011208.86825, 32
123011334.56912, 67
123011398.736933, 79
123011482.61669, 78
123011567.035498, 68
123011667.23547, 73
123011807.731061, 84
123011867.325016, 73
123011963.707765, 79
123011976.583694, 78
123013407.659466, 16
123013479.679506, 91
123014847.632816, 16
123015017.280449, 91
123016771.029382, 91
123016801.532195, 16
123026313.833716, 8
123026463.920467, 8
123026614.620948, 8
123026763.969887, 8
123030066.390656, 91
123030161.056504, 16
new stimulus
new stimulus
159543469.528564, 16
159543471.029126, 91
new stimulus
159606863.842395, 16
159606868.606869, 91
new stimulus
160350953.760906, 13
160351584.810519, 9
160352650.748447, 70
160352737.260697, 79
160352840.572841, 82
160352899.090561, 32
160352938.608772, 16
160353019.6945, 57
160353212.424846, 73
160353276.396097, 78
160353336.281849, 84
160353399.303263, 32
160353460.41536, 73
160353592.544992, 32
160353708.030355, 187
160353795.206232, 32
160353875.921007, 48
160354099.986554, 186
160354231.567031, 32
160354376.672708, 73
160354473.375501, 32
160354566.433411, 16
160354661.823854, 188
160354730.316691, 32
160356461.360973, 78
160356619.558085, 85
160356802.105689, 77
160356876.523374, 83
160356995.90606, 190
160357168.240347, 83
160357269.346522, 73
160357338.343756, 90
160357418.2921, 69
160357565.629469, 16
160357651.159533, 57
160357694.459684, 48
160358055.853013, 186
160358263.565729, 32
160358506.887324, 73
160358825.525687, 8
160358934.635371, 16
160359020.760156, 187
160359161.193104, 187
160359351.82478, 73
160359665.485001, 39
160359904.704761, 16
160359998.125874, 32
160360173.195495, 219
160360521.127269, 13
160364524.610065, 13
160365153.779423, 9
160365690.731532, 68
160365743.80351, 79
160365794.908336, 85
160365891.832006, 66
160365929.705069, 76
160366041.921563, 69
160366126.386025, 32
160366202.594883, 83
160366299.439856, 85
160366486.447829, 77
160366727.756228, 8
160366855.89114, 8
160366990.863102, 8
160367128.153543, 8
160367262.798135, 8
160367400.163438, 8
160367547.141647, 8
160367671.284734, 8
160367817.220345, 8
160367967.983584, 8
160368145.834323, 8
160368476.733946, 8
160368831.681497, 8
160369226.891262, 8
160370470.253197, 13
160370979.771161, 9
160372014.607843, 73
160372099.072175, 78
160373031.767134, 84
160373115.867128, 32
160373220.880994, 83
160373288.113702, 85
160373492.919157, 77
160374196.943716, 32
160374233.331365, 187
160374411.834147, 32
160374645.560114, 48
160374908.058646, 186
new stimulus
new stimulus
160431617.979142, 91
160431673.548463, 16
160437472.766246, 13
160437567.987459, 70
160437655.013804, 79
160437745.053538, 82
160437809.880285, 16
160437827.088838, 32
160438021.291265, 8
160438149.75221, 8
160438288.042161, 8
160438423.887146, 8
160438642.68436, 9
160438869.216423, 16
160439000.517368, 70
160439357.98857, 79
160439437.466617, 82
160439498.264792, 16
160439514.339872, 32
160439579.313277, 57
160439749.30004, 73
160439777.21665, 78
160439849.722804, 84
160439930.198873, 32
160439974.123311, 73
160440105.377446, 32
160440201.329535, 187
160440281.79027, 32
160440352.670811, 48
160440564.531705, 186
160440685.94613, 32
160440832.221564, 73
160441010.023341, 16
160441042.230972, 32
160441215.342592, 188
160441271.022816, 32
160441423.054347, 78
160441563.85219, 85
160441713.192996, 77
160441780.71727, 83
160442118.781615, 190
160442256.899217, 83
160442379.205741, 73
160442442.916718, 90
160442499.242912, 69
160442641.006227, 16
160442729.810274, 57
160442793.734254, 48
160443080.60752, 186
160443862.057838, 32
160443960.930189, 16
160444034.107407, 187
160444154.045444, 187
160444314.961707, 73
160444556.171599, 39
160444918.70179, 16
160445042.889095, 32
160445093.760476, 219
160445347.898876, 13
160446161.888754, 84
160446247.784604, 69
160446252.52187, 77
160446280.95418, 80
160446473.400726, 32
160446499.684485, 16
160446634.910656, 187
160446792.38902, 187
160446866.022593, 32
160448051.123355, 78
160448216.04002, 85
160448366.202249, 77
160448451.004649, 83
160448490.146104, 219
160448596.566512, 73
160449032.233403, 39
160449280.789299, 186
160450064.979164, 16
160450081.630149, 91
new stimulus
new stimulus
160756107.828247, 91
160756116.585335, 16
160762918.116689, 67
160762968.757832, 79
160763035.994005, 78
160763413.877858, 68
160763550.126013, 73
160763635.787937, 84
160763719.253693, 73
160763754.459302, 79
160763811.153294, 78
160765310.786704, 16
160765343.157743, 91
160772866.30006, 8
160772984.876631, 8
160773123.036538, 8
160773632.683096, 91
160773679.018447, 16
new stimulus
new stimulus
161893615.399164, 91
161893619.328183, 16
new stimulus
new stimulus
new stimulus
161953886.595606, 16
161953897.900835, 91
161963685.850208, 13
161964251.345408, 9
161964566.601372, 68
161964643.956494, 79
161964682.98309, 85
161964764.461646, 66
161964835.409816, 76
161964932.121719, 69
161965020.659747, 32
161965937.007808, 77
161966185.298903, 89
161966245.493839, 16
161966328.114452, 189
161966478.58318, 86
161966570.610418, 65
161967816.010333, 82
161967901.292187, 32
161967968.73911, 187
161968078.492696, 32
161968722.319762, 49
161968798.839537, 48
161969118.666207, 190
161969639.140105, 53
161970255.170101, 186
161970458.663038, 13
161971151.429872, 9
161972174.860776, 82
161972267.647716, 69
161972335.867782, 84
161972449.080687, 85
161972530.833768, 82
161972629.365255, 78
161972705.444312, 32
161973178.167794, 77
161973375.843438, 89
161973460.28376, 16
161973533.199409, 189
161973768.445641, 86
161973848.394022, 65
161974082.540529, 82
161974227.33394, 32
161974326.15248, 16
161974387.288066, 187
161974497.545796, 32
161975389.131987, 8
161975524.569148, 8
161975836.182071, 16
161975922.098209, 56
161976112.252103, 32
161976249.228357, 49
161976279.977667, 48
161976461.961493, 186
161977901.759663, 40
161978239.964855, 8
161978406.965159, 8
161979592.823484, 91
161979598.661419, 16
new stimulus
new stimulus
162001632.51132, 68
162001713.931369, 79
162001747.630113, 85
162001830.396545, 66
162001912.845613, 76
162001981.970978, 69
162002037.042773, 32
162002119.959026, 77
162002343.232378, 89
162002399.665473, 16
162002472.903115, 189
162002594.054419, 86
162002685.863911, 65
162002828.671254, 82
162002895.472637, 32
162002949.835797, 187
162003065.834146, 32
162003204.308048, 49
162003213.448216, 48
162003652.361872, 8
162003773.143085, 8
162003917.738612, 50
162004011.597645, 190
162004200.976426, 56
162004227.980407, 48
162004465.509929, 186
162004676.194725, 13
162005230.723868, 9
162005432.402341, 82
162005532.76249, 69
162005639.951432, 84
162005670.56228, 85
162005832.744633, 82
162005888.678069, 78
162005987.069044, 32
162006102.764517, 77
162006323.396893, 89
162006366.825722, 16
162006461.002058, 189
162006575.673115, 86
162006643.210632, 65
162006795.223471, 82
162006860.603819, 32
162006963.520702, 16
162007019.696306, 56
162007113.992298, 32
162007203.655673, 49
162007276.834798, 48
162007592.277918, 186
162009240.484259, 91
162009259.757286, 16
new stimulus
169786724.727242, 91
169786840.698103, 16
169795713.215522, 88
169795960.9141, 32
169796279.126585, 187
169796437.594535, 187
169796503.740439, 32
169796575.178031, 53
169797861.247116, 16
169797875.144411, 91
169806011.310047, 8
169806165.843637, 8
169806324.985581, 8
169806439.339301, 8
169806594.886635, 8
169806734.377385, 8
169806862.258606, 8
169807025.876226, 8
169807473.696243, 91
169807487.833299, 16
new stimulus
